"start" "end" "width"
"1" 8416 8462 47
"2" 8478 8544 67
"3" 11672 11712 41
"4" 12521 12558 38
"5" 12803 12853 51
"6" 12872 12958 87
"7" 23504 23542 39
"8" 26981 27402 422
"9" 34999 35103 105
"10" 35248 35342 95
"11" 35361 35457 97
"12" 35481 35578 98
"13" 51351 51404 54
"14" 51485 51521 37
"15" 52028 52061 34
"16" 58436 58469 34
"17" 58486 58536 51
"18" 71674 71720 47
"19" 86399 86435 37
"20" 87108 87153 46
"21" 91752 91818 67
"22" 91830 91893 64
"23" 101689 101734 46
"24" 106865 106911 47
"25" 122408 122520 113
"26" 122571 122647 77
"27" 122696 122729 34
"28" 122731 122821 91
"29" 122823 122919 97
"30" 122927 123090 164
"31" 123130 123186 57
"32" 132336 132377 42
"33" 132421 132648 228
"34" 132957 134251 1295
"35" 134284 134318 35
"36" 134386 134519 134
"37" 138004 138051 48
"38" 138138 138173 36
"39" 142139 143475 1337
"40" 153108 153149 42
"41" 157228 157275 48
"42" 157283 157320 38
"43" 163468 163556 89
"44" 163579 163613 35
"45" 164017 164057 41
"46" 165581 165645 65
"47" 171165 171293 129
"48" 181148 181198 51
"49" 181204 181257 54
"50" 184381 184473 93
"51" 190622 190713 92
"52" 200190 200242 53
"53" 207076 207118 43
"54" 218674 218708 35
"55" 225656 225699 44
"56" 232413 232527 115
"57" 248989 249297 309
"58" 267049 267092 44
"59" 267116 267160 45
"60" 268347 268401 55
"61" 268423 268468 46
"62" 279006 279104 99
"63" 287143 287177 35
"64" 287536 287573 38
"65" 287692 287741 50
"66" 288055 288107 53
"67" 288175 288209 35
"68" 294729 294763 35
"69" 295185 295219 35
"70" 295227 295294 68
"71" 295323 295355 33
"72" 295406 295445 40
"73" 295557 295600 44
"74" 295698 295735 38
"75" 295863 295903 41
"76" 296722 296778 57
"77" 315267 315849 583
"78" 318320 318357 38
"79" 323648 323740 93
"80" 327331 327382 52
"81" 345218 345824 607
"82" 349447 349502 56
"83" 356268 356361 94
"84" 374729 374769 41
"85" 387614 387658 45
"86" 392197 392331 135
"87" 396425 396476 52
"88" 396481 396526 46
"89" 406151 406239 89
"90" 410364 410397 34
"91" 412234 412283 50
"92" 423077 423128 52
"93" 423130 423223 94
"94" 427924 427968 45
"95" 428485 433812 5328
"96" 434051 434088 38
"97" 437600 437637 38
"98" 437798 437831 34
"99" 441164 441207 44
"100" 452029 452061 33
"101" 464531 465709 1179
"102" 465842 465902 61
"103" 466095 466184 90
"104" 469684 475356 5673
"105" 487956 488308 353
"106" 493138 493183 46
"107" 493188 493230 43
"108" 502446 502495 50
"109" 503754 503871 118
"110" 513597 513723 127
"111" 532958 533092 135
"112" 538056 538106 51
"113" 538108 538148 41
"114" 552700 552736 37
"115" 552931 553031 101
"116" 553447 553490 44
"117" 554127 554164 38
"118" 554250 554286 37
"119" 554838 554870 33
"120" 554888 554969 82
"121" 555046 555089 44
"122" 555526 555599 74
"123" 555703 555742 40
"124" 556702 556735 34
"125" 558066 558107 42
"126" 558131 558205 75
"127" 567699 567751 53
"128" 574591 574639 49
"129" 575537 575574 38
"130" 583413 583446 34
"131" 584620 584671 52
"132" 586914 586949 36
"133" 597293 598803 1511
"134" 598805 603029 4225
"135" 610583 610631 49
"136" 610634 610873 240
"137" 625207 625242 36
"138" 629755 629796 42
"139" 637934 637978 45
"140" 653865 653908 44
"141" 653912 653980 69
"142" 655380 655413 34
"143" 655497 655593 97
"144" 675455 675491 37
"145" 678693 678748 56
"146" 681279 681312 34
"147" 691240 696752 5513
"148" 703198 703230 33
"149" 729654 729709 56
"150" 729738 729779 42
"151" 729950 729986 37
"152" 760503 760614 112
"153" 784443 784483 41
"154" 785047 785085 39
"155" 796282 796315 34
"156" 800926 800966 41
"157" 826961 826999 39
"158" 857036 857071 36
"159" 861093 861127 35
"160" 863854 863911 58
"161" 863921 863964 44
"162" 867842 867903 62
"163" 868075 868107 33
"164" 869387 869423 37
"165" 869431 869467 37
"166" 870539 870692 154
"167" 870706 870974 269
"168" 871507 871908 402
"169" 872292 876093 3802
"170" 883244 883290 47
"171" 883293 883354 62
"172" 885122 885183 62
"173" 887793 887839 47
"174" 888833 888867 35
"175" 896786 896821 36
"176" 897112 897239 128
"177" 901952 901994 43
"178" 918029 918063 35
"179" 922751 922789 39
"180" 929544 929667 124
"181" 929675 929712 38
"182" 929724 929876 153
"183" 929885 929920 36
"184" 932111 932261 151
"185" 934864 934901 38
"186" 937931 938010 80
"187" 938060 938093 34
"188" 938222 938257 36
"189" 961952 962033 82
"190" 962037 962072 36
"191" 963714 963759 46
"192" 963772 963817 46
"193" 970693 970844 152
"194" 970849 972016 1168
"195" 974827 974881 55
"196" 976525 976568 44
"197" 984950 986165 1216
"198" 987373 987409 37
"199" 987441 987484 44
"200" 987915 987985 71
"201" 989805 989901 97
"202" 990036 990118 83
"203" 990296 990331 36
"204" 996953 996990 38
"205" 998860 999008 149
"206" 999372 999404 33
"207" 999859 999894 36
"208" 999897 999929 33
"209" 1000214 1000256 43
"210" 1000447 1000480 34
"211" 1012667 1014358 1692
"212" 1014946 1014982 37
"213" 1015309 1019002 3694
"214" 1029464 1029522 59
"215" 1037641 1037674 34
"216" 1039167 1039225 59
"217" 1039251 1039291 41
"218" 1039688 1039739 52
"219" 1039760 1039803 44
"220" 1041265 1041323 59
"221" 1041349 1041389 41
"222" 1045514 1045562 49
"223" 1045567 1045637 71
"224" 1047229 1047262 34
"225" 1049118 1049154 37
"226" 1049246 1049285 40
"227" 1049409 1049443 35
"228" 1049486 1049532 47
"229" 1053989 1054769 781
"230" 1071974 1072011 38
"231" 1073441 1073473 33
"232" 1074484 1074538 55
"233" 1074540 1074636 97
"234" 1086052 1086089 38
"235" 1087501 1087533 33
"236" 1090216 1090256 41
"237" 1090264 1090313 50
"238" 1094466 1094509 44
"239" 1098411 1098450 40
"240" 1112685 1112722 38
"241" 1125565 1125634 70
"242" 1125645 1125696 52
"243" 1133289 1133340 52
"244" 1133365 1133411 47
"245" 1149250 1149284 35
"246" 1155513 1155555 43
"247" 1156356 1156401 46
"248" 1166863 1168041 1179
"249" 1209193 1214594 5402
"250" 1214641 1214947 307
"251" 1220079 1220114 36
"252" 1220205 1220243 39
"253" 1222120 1222154 35
"254" 1222919 1222991 73
"255" 1223664 1223704 41
"256" 1233487 1233521 35
"257" 1245799 1246124 326
"258" 1247654 1247702 49
"259" 1260408 1260440 33
"260" 1264547 1264583 37
"261" 1271430 1272645 1216
"262" 1278185 1278217 33
"263" 1307627 1307764 138
"264" 1319899 1319983 85
"265" 1324866 1324937 72
"266" 1333655 1333687 33
"267" 1341103 1341148 46
"268" 1341153 1341198 46
"269" 1356408 1356440 33
"270" 1356453 1356494 42
"271" 1367953 1368326 374
"272" 1368355 1368491 137
"273" 1377268 1377332 65
"274" 1379395 1379429 35
"275" 1382871 1382913 43
"276" 1382933 1382983 51
"277" 1386010 1386053 44
"278" 1390880 1390916 37
"279" 1398500 1398543 44
"280" 1403462 1403510 49
"281" 1403517 1403560 44
"282" 1406691 1406794 104
"283" 1406800 1406891 92
"284" 1406894 1406949 56
"285" 1420196 1420248 53
"286" 1420663 1420709 47
"287" 1420720 1420790 71
"288" 1421507 1421554 48
"289" 1422516 1422597 82
"290" 1423902 1423935 34
"291" 1434916 1435006 91
"292" 1435017 1435056 40
"293" 1442927 1442986 60
"294" 1443013 1443066 54
"295" 1443068 1443156 89
"296" 1443163 1443204 42
"297" 1443207 1443274 68
"298" 1443302 1443361 60
"299" 1443388 1443441 54
"300" 1443444 1443491 48
"301" 1443493 1443533 41
"302" 1443540 1443581 42
"303" 1443584 1443651 68
"304" 1450760 1452101 1342
"305" 1486634 1486669 36
"306" 1487376 1487569 194
"307" 1498485 1498574 90
"308" 1501891 1501924 34
"309" 1502115 1502157 43
"310" 1502442 1502474 33
"311" 1502477 1502512 36
"312" 1502967 1502999 33
"313" 1506843 1508054 1212
"314" 1523643 1523687 45
"315" 1523774 1523817 44
"316" 1527749 1527847 99
"317" 1530195 1530227 33
"318" 1536399 1536449 51
"319" 1536463 1536501 39
"320" 1539675 1539739 65
"321" 1539742 1539787 46
"322" 1544139 1544180 42
"323" 1544196 1544233 38
"324" 1548755 1548792 38
"325" 1555345 1555442 98
"326" 1555458 1555512 55
"327" 1556800 1556832 33
"328" 1566791 1566925 135
"329" 1568077 1568126 50
"330" 1568128 1568197 70
"331" 1592096 1592154 59
"332" 1595711 1595803 93
"333" 1595837 1595881 45
"334" 1603225 1603259 35
"335" 1603618 1603655 38
"336" 1603774 1603823 50
"337" 1604137 1604189 53
"338" 1604257 1604291 35
"339" 1625612 1625680 69
"340" 1625697 1625752 56
"341" 1640496 1641837 1342
"342" 1657156 1657193 38
"343" 1690503 1690602 100
"344" 1690610 1690712 103
"345" 1690720 1690809 90
"346" 1692177 1692241 65
"347" 1692262 1692308 47
"348" 1707730 1707764 35
"349" 1708408 1708454 47
"350" 1720262 1720315 54
"351" 1736823 1736855 33
"352" 1741939 1741987 49
"353" 1749261 1749390 130
"354" 1752894 1752929 36
"355" 1752936 1752982 47
"356" 1758737 1758774 38
"357" 1791443 1791486 44
"358" 1793974 1794022 49
"359" 1798508 1798543 36
"360" 1801277 1801376 100
"361" 1807844 1807879 36
"362" 1817885 1817976 92
"363" 1818005 1818135 131
"364" 1818141 1818758 618
"365" 1828216 1828268 53
"366" 1842328 1842370 43
"367" 1850597 1850678 82
"368" 1853084 1853134 51
"369" 1853151 1853185 35
"370" 1853217 1853258 42
"371" 1853356 1853411 56
"372" 1853415 1853456 42
"373" 1853486 1853661 176
"374" 1857945 1858305 361
"375" 1858890 1858949 60
"376" 1859012 1859049 38
"377" 1859060 1859094 35
"378" 1859204 1859244 41
"379" 1859247 1859281 35
"380" 1859421 1859656 236
"381" 1860491 1860571 81
"382" 1860659 1860713 55
"383" 1864253 1864323 71
"384" 1864895 1864936 42
"385" 1865126 1865163 38
"386" 1865440 1865485 46
"387" 1865500 1865536 37
"388" 1865573 1865627 55
"389" 1865702 1865896 195
"390" 1865918 1865986 69
"391" 1866541 1866632 92
"392" 1866661 1866849 189
"393" 1866898 1866935 38
"394" 1867060 1867094 35
"395" 1867111 1867202 92
"396" 1867321 1867391 71
"397" 1867428 1867460 33
"398" 1867558 1867610 53
"399" 1867690 1867724 35
"400" 1867732 1867789 58
"401" 1867856 1867910 55
"402" 1868073 1868116 44
"403" 1868138 1868218 81
"404" 1868261 1868301 41
"405" 1868387 1868465 79
"406" 1868507 1868546 40
"407" 1868591 1868628 38
"408" 1870972 1871028 57
"409" 1876349 1876557 209
"410" 1895557 1895591 35
"411" 1904946 1905044 99
"412" 1905060 1907115 2056
"413" 1907128 1910444 3317
"414" 1910455 1910499 45
"415" 1920252 1920295 44
"416" 1922034 1922177 144
"417" 1946786 1946906 121
"418" 1948318 1948352 35
"419" 1952204 1952334 131
"420" 1959287 1959319 33
"421" 1962626 1962667 42
"422" 1973852 1974095 244
"423" 1974097 1974134 38
"424" 1979929 1979962 34
"425" 1979972 1980009 38
"426" 1981364 1981416 53
"427" 1981431 1981477 47
"428" 1982602 1982658 57
"429" 1982692 1982726 35
"430" 1982924 1982980 57
"431" 1983018 1983086 69
"432" 2018372 2018412 41
"433" 2018432 2018475 44
"434" 2023186 2023223 38
"435" 2026472 2026515 44
"436" 2038714 2038761 48
"437" 2043379 2043466 88
"438" 2045910 2045942 33
"439" 2047418 2047453 36
"440" 2047589 2047632 44
"441" 2047748 2047789 42
"442" 2052232 2052264 33
"443" 2054737 2054777 41
"444" 2056529 2056561 33
"445" 2068112 2068305 194
"446" 2075393 2075461 69
"447" 2086857 2086933 77
"448" 2086935 2086997 63
"449" 2092664 2092757 94
"450" 2096793 2096836 44
"451" 2097777 2097927 151
"452" 2114908 2115271 364
"453" 2115306 2115393 88
"454" 2115428 2115509 82
"455" 2118204 2118288 85
"456" 2118319 2118403 85
"457" 2120810 2122174 1365
"458" 2124988 2125036 49
"459" 2125044 2125092 49
"460" 2164312 2164448 137
"461" 2164450 2164559 110
"462" 2165255 2165429 175
"463" 2165456 2165545 90
"464" 2165561 2165610 50
"465" 2192566 2192655 90
"466" 2196059 2196094 36
"467" 2205419 2205466 48
"468" 2205468 2205512 45
"469" 2213414 2213457 44
"470" 2252463 2252496 34
"471" 2278494 2278559 66
"472" 2278563 2278637 75
"473" 2278689 2278820 132
"474" 2289104 2289284 181
"475" 2296029 2296132 104
"476" 2319400 2319491 92
"477" 2319514 2319574 61
"478" 2323754 2323800 47
"479" 2324057 2324091 35
"480" 2324162 2324210 49
"481" 2324419 2324454 36
"482" 2324540 2324572 33
"483" 2324642 2324716 75
"484" 2331370 2332043 674
"485" 2342226 2342281 56
"486" 2345110 2345197 88
"487" 2345200 2345260 61
"488" 2346319 2347525 1207
"489" 2353510 2353555 46
"490" 2359571 2359605 35
"491" 2372258 2372298 41
"492" 2380014 2380060 47
"493" 2380246 2380294 49
"494" 2380296 2380345 50
"495" 2383204 2383250 47
"496" 2383436 2383484 49
"497" 2383486 2383535 50
"498" 2383600 2383644 45
"499" 2399738 2399830 93
"500" 2399854 2399926 73
"501" 2403668 2403707 40
"502" 2407060 2407282 223
"503" 2416774 2416819 46
"504" 2419423 2419459 37
"505" 2443948 2443991 44
"506" 2458949 2459032 84
"507" 2465001 2466270 1270
"508" 2466753 2466790 38
"509" 2476823 2476857 35
"510" 2482569 2482605 37
"511" 2482609 2482683 75
"512" 2482897 2482933 37
"513" 2482937 2482999 63
"514" 2483014 2483055 42
"515" 2489751 2489786 36
"516" 2489796 2489842 47
"517" 2496693 2496739 47
"518" 2499950 2499982 33
"519" 2502965 2503012 48
"520" 2517783 2517976 194
"521" 2533487 2534694 1208
"522" 2559953 2559985 33
"523" 2565716 2565756 41
"524" 2566162 2567500 1339
"525" 2569077 2570283 1207
"526" 2570290 2570324 35
"527" 2573729 2573761 33
"528" 2574090 2574203 114
"529" 2576504 2576593 90
"530" 2578311 2578418 108
"531" 2591801 2591914 114
"532" 2595256 2595288 33
"533" 2595689 2595723 35
"534" 2601272 2601346 75
"535" 2601413 2601448 36
"536" 2601979 2602012 34
"537" 2634359 2634406 48
"538" 2634409 2634476 68
"539" 2644316 2644399 84
"540" 2657162 2657938 777
"541" 2664650 2664683 34
"542" 2664815 2664863 49
"543" 2666516 2666603 88
"544" 2671873 2671914 42
"545" 2680003 2680035 33
"546" 2680467 2680505 39
"547" 2681898 2682015 118
"548" 2692127 2692164 38
"549" 2692178 2692221 44
"550" 2697304 2697341 38
"551" 2706477 2706510 34
"552" 2729079 2729113 35
"553" 2739297 2739343 47
"554" 2792684 2792717 34
"555" 2813068 2813117 50
"556" 2820129 2820276 148
"557" 2837343 2837376 34
"558" 2847716 2847748 33
"559" 2853542 2853576 35
"560" 2855171 2855212 42
"561" 2855228 2855274 47
"562" 2856231 2856274 44
"563" 2856429 2856461 33
"564" 2867540 2867615 76
"565" 2889856 2889922 67
"566" 2889937 2890003 67
"567" 2900419 2900462 44
"568" 2923270 2923307 38
"569" 2927363 2927518 156
"570" 2927520 2927835 316
"571" 2938655 2938687 33
"572" 2944884 2944955 72
"573" 2944977 2945019 43
"574" 2948462 2948496 35
"575" 2948918 2948952 35
"576" 2948960 2949027 68
"577" 2949056 2949088 33
"578" 2949139 2949178 40
"579" 2949290 2949333 44
"580" 2949431 2949468 38
"581" 2949596 2949636 41
"582" 2972849 2972883 35
"583" 2973272 2973342 71
"584" 2984886 2985597 712
"585" 2986957 2987009 53
"586" 2987808 2987863 56
"587" 2994530 2994596 67
"588" 2994743 2994776 34
"589" 2994882 2994944 63
"590" 2995851 2995895 45
"591" 2995951 2996041 91
"592" 2997769 2997813 45
"593" 2999005 2999084 80
"594" 2999266 2999329 64
"595" 2999536 2999807 272
"596" 2999811 2999844 34
"597" 2999850 3000601 752
"598" 3000860 3001167 308
"599" 3001364 3001407 44
"600" 3001409 3003882 2474
"601" 3003917 3003958 42
"602" 3064473 3064624 152
"603" 3064629 3065796 1168
"604" 3079030 3079067 38
"605" 3084058 3084424 367
"606" 3084690 3084723 34
"607" 3085667 3085706 40
"608" 3085810 3085883 74
"609" 3086320 3086363 44
"610" 3086440 3086521 82
"611" 3086539 3086571 33
"612" 3087120 3087156 37
"613" 3087242 3087279 38
"614" 3087916 3087959 44
"615" 3088375 3088475 101
"616" 3088670 3088706 37
"617" 3093868 3093908 41
"618" 3094141 3094182 42
"619" 3094536 3094625 90
"620" 3094843 3094877 35
"621" 3096244 3096300 57
"622" 3096707 3096740 34
"623" 3096835 3096894 60
"624" 3097092 3097127 36
"625" 3097580 3097618 39
"626" 3097644 3097676 33
"627" 3098097 3098143 47
"628" 3098211 3098253 43
"629" 3098256 3098302 47
"630" 3099356 3099399 44
"631" 3099892 3099932 41
"632" 3101516 3101562 47
"633" 3103474 3104765 1292
"634" 3107022 3108259 1238
"635" 3108275 3108307 33
"636" 3108312 3108391 80
"637" 3108398 3108495 98
"638" 3142799 3142833 35
"639" 3143000 3143033 34
"640" 3165918 3167144 1227
"641" 3167192 3168530 1339
"642" 3169526 3169722 197
"643" 3169725 3169851 127
"644" 3169858 3170368 511
"645" 3199610 3199656 47
"646" 3199721 3199761 41
"647" 3200543 3200598 56
"648" 3201445 3201478 34
"649" 3201696 3204169 2474
"650" 3204171 3204214 44
"651" 3204372 3204679 308
"652" 3207639 3207677 39
"653" 3207717 3207821 105
"654" 3207885 3208465 581
"655" 3208467 3208698 232
"656" 3212863 3213191 329
"657" 3217192 3217247 56
"658" 3218021 3218073 53
"659" 3224505 3224538 34
"660" 3225469 3225508 40
"661" 3239188 3240402 1215
"662" 3253496 3253533 38
"663" 3255096 3255142 47
"664" 3255343 3255382 40
"665" 3269574 3269607 34
"666" 3273874 3273924 51
"667" 3285190 3285241 52
"668" 3335733 3336950 1218
"669" 3341032 3341067 36
"670" 3341701 3341735 35
"671" 3348809 3348904 96
"672" 3348955 3348987 33
"673" 3349103 3349219 117
"674" 3349221 3349735 515
"675" 3350479 3350519 41
"676" 3351006 3351049 44
"677" 3352112 3352158 47
"678" 3352161 3352203 43
"679" 3352271 3352317 47
"680" 3352741 3352773 33
"681" 3352799 3352837 39
"682" 3353290 3353325 36
"683" 3353523 3353582 60
"684" 3353677 3353710 34
"685" 3354117 3354173 57
"686" 3355543 3355577 35
"687" 3355795 3355884 90
"688" 3356238 3356279 42
"689" 3356512 3356552 41
"690" 3357007 3357062 56
"691" 3365809 3367110 1302
"692" 3367112 3367354 243
"693" 3412516 3412875 360
"694" 3412893 3413068 176
"695" 3413097 3413138 42
"696" 3413142 3413197 56
"697" 3424858 3424928 71
"698" 3424951 3425024 74
"699" 3426516 3426557 42
"700" 3426589 3426623 35
"701" 3427642 3427691 50
"702" 3427707 3427796 90
"703" 3427823 3427997 175
"704" 3428629 3428738 110
"705" 3428740 3428876 137
"706" 3437929 3438001 73
"707" 3440062 3440132 71
"708" 3440155 3440228 74
"709" 3455986 3456032 47
"710" 3456050 3456089 40
"711" 3466708 3466740 33
"712" 3470660 3470701 42
"713" 3490476 3490509 34
"714" 3501745 3501795 51
"715" 3522909 3522962 54
"716" 3522978 3523026 49
"717" 3538775 3539479 705
"718" 3540931 3542197 1267
"719" 3551647 3551709 63
"720" 3551716 3551773 58
"721" 3555290 3555322 33
"722" 3555451 3555483 33
"723" 3555496 3555544 49
"724" 3567964 3568050 87
"725" 3573944 3573984 41
"726" 3573991 3574026 36
"727" 3576531 3576563 33
"728" 3584915 3584977 63
"729" 3585078 3585111 34
"730" 3585248 3585314 67
"731" 3585884 3586664 781
"732" 3591390 3591422 33
"733" 3594417 3594456 40
"734" 3596860 3596892 33
"735" 3598348 3598396 49
"736" 3628623 3628687 65
"737" 3649533 3649569 37
"738" 3649853 3649886 34
"739" 3649946 3650004 59
"740" 3650168 3650203 36
"741" 3650298 3650345 48
"742" 3650412 3650461 50
"743" 3651953 3652013 61
"744" 3652015 3652099 85
"745" 3684365 3684429 65
"746" 3685046 3685089 44
"747" 3692425 3692459 35
"748" 3692848 3692918 71
"749" 3700773 3700997 225
"750" 3710456 3710596 141
"751" 3721189 3721412 224
"752" 3735596 3735643 48
"753" 3735653 3735691 39
"754" 3736628 3736773 146
"755" 3740972 3741008 37
"756" 3767286 3767323 38
"757" 3768319 3768352 34
"758" 3772245 3772294 50
"759" 3778710 3778768 59
"760" 3778770 3778841 72
"761" 3787233 3787268 36
"762" 3790700 3790746 47
"763" 3790761 3790813 53
"764" 3798769 3798859 91
"765" 3804040 3804164 125
"766" 3820729 3820795 67
"767" 3820816 3820875 60
"768" 3830449 3830557 109
"769" 3830583 3830650 68
"770" 3832984 3833118 135
"771" 3849666 3849700 35
"772" 3850503 3850547 45
"773" 3854591 3854864 274
"774" 3854892 3854968 77
"775" 3854985 3855071 87
"776" 3855109 3855198 90
"777" 3855200 3855392 193
"778" 3855418 3855502 85
"779" 3855504 3855695 192
"780" 3855706 3855782 77
"781" 3855804 3855886 83
"782" 3859302 3859344 43
"783" 3859380 3859422 43
"784" 3860832 3860867 36
"785" 3863114 3863146 33
"786" 3864630 3864678 49
"787" 3865649 3865681 33
"788" 3865688 3865736 49
"789" 3865743 3865792 50
"790" 3873551 3873639 89
"791" 3877905 3878031 127
"792" 3895370 3895491 122
"793" 3897521 3897567 47
"794" 3897575 3898000 426
"795" 3898011 3898080 70
"796" 3898086 3899525 1440
"797" 3899548 3900062 515
"798" 3900080 3900138 59
"799" 3901267 3902291 1025
"800" 3903136 3904567 1432
"801" 3904630 3905183 554
"802" 3905185 3906939 1755
"803" 3915272 3915332 61
"804" 3915334 3915384 51
"805" 3917159 3917191 33
"806" 3919607 3919667 61
"807" 3919669 3919719 51
"808" 3921061 3921117 57
"809" 3921137 3921190 54
"810" 3928495 3928616 122
"811" 3936894 3937039 146
"812" 3939299 3939384 86
"813" 3939494 3939576 83
"814" 3939602 3939685 84
"815" 3939692 3939777 86
"816" 3939816 3939900 85
"817" 3939929 3940012 84
"818" 3940091 3940133 43
"819" 3947380 3948594 1215
"820" 3956219 3956258 40
"821" 3956562 3956609 48
"822" 3959016 3959055 40
"823" 3959359 3959406 48
"824" 3979034 3979067 34
"825" 3996844 3996887 44
"826" 4004281 4004330 50
"827" 4004341 4004385 45
"828" 4004910 4004943 34
"829" 4005402 4005438 37
"830" 4005519 4005572 54
"831" 4011814 4011870 57
"832" 4026200 4026265 66
"833" 4026284 4026348 65
"834" 4027074 4028442 1369
"835" 4039328 4039461 134
"836" 4050331 4050385 55
"837" 4053393 4053458 66
"838" 4054378 4054426 49
"839" 4054440 4054572 133
"840" 4054574 4054779 206
"841" 4055072 4055823 752
"842" 4055829 4055862 34
"843" 4055866 4056137 272
"844" 4056904 4056967 64
"845" 4057149 4057228 80
"846" 4057936 4058264 329
"847" 4058850 4058940 91
"848" 4058996 4059040 45
"849" 4059993 4060027 35
"850" 4060091 4060128 38
"851" 4060341 4060375 35
"852" 4060455 4060523 69
"853" 4060644 4061855 1212
"854" 4068396 4069668 1273
"855" 4071633 4071687 55
"856" 4084918 4084972 55
"857" 4084975 4085039 65
"858" 4085043 4085088 46
"859" 4093245 4093315 71
"860" 4108273 4108335 63
"861" 4108337 4108455 119
"862" 4109083 4109119 37
"863" 4109437 4110713 1277
"864" 4110729 4110761 33
"865" 4110766 4110845 80
"866" 4110852 4110949 98
"867" 4111223 4111326 104
"868" 4111357 4111405 49
"869" 4111462 4111502 41
"870" 4111975 4112021 47
"871" 4112163 4112196 34
"872" 4112252 4112285 34
"873" 4112448 4112484 37
"874" 4112544 4112576 33
"875" 4112746 4112780 35
"876" 4112926 4112986 61
"877" 4127610 4127861 252
"878" 4134904 4134999 96
"879" 4138545 4138603 59
"880" 4146361 4146433 73
"881" 4146438 4146507 70
"882" 4151445 4151485 41
"883" 4152202 4152274 73
"884" 4153039 4153073 35
"885" 4153087 4153128 42
"886" 4153247 4153280 34
"887" 4153423 4153458 36
"888" 4154937 4154975 39
"889" 4155082 4155117 36
"890" 4174778 4174821 44
"891" 4191145 4191191 47
"892" 4198155 4198289 135
"893" 4205350 4205482 133
"894" 4225159 4225369 211
"895" 4227345 4227383 39
"896" 4243463 4244736 1274
"897" 4247736 4247782 47
"898" 4253841 4255182 1342
"899" 4258905 4259106 202
"900" 4261093 4261518 426
"901" 4269995 4270124 130
"902" 4274518 4274555 38
"903" 4275193 4275236 44
"904" 4278561 4278969 409
"905" 4281664 4281713 50
"906" 4281715 4281757 43
"907" 4281760 4281808 49
"908" 4286463 4286843 381
"909" 4296306 4296690 385
"910" 4319949 4321210 1262
"911" 4332136 4332177 42
"912" 4339165 4339236 72
"913" 4345031 4346010 980
"914" 4346258 4346346 89
"915" 4346369 4346403 35
"916" 4346807 4346847 41
"917" 4347147 4347200 54
"918" 4354301 4354336 36
"919" 4356315 4357278 964
"920" 4358690 4358722 33
"921" 4358729 4358767 39
"922" 4361283 4362490 1208
"923" 4364245 4364286 42
"924" 4364330 4364557 228
"925" 4364671 4365954 1284
"926" 4365987 4366021 35
"927" 4366089 4366222 134
"928" 4367576 4367613 38
"929" 4367658 4367697 40
"930" 4367739 4367817 79
"931" 4367819 4367859 41
"932" 4367903 4367943 41
"933" 4367986 4368066 81
"934" 4368088 4368131 44
"935" 4368294 4368348 55
"936" 4368415 4368472 58
"937" 4368480 4368514 35
"938" 4368594 4368646 53
"939" 4368744 4368776 33
"940" 4368813 4368883 71
"941" 4369002 4369093 92
"942" 4369110 4369144 35
"943" 4369269 4369306 38
"944" 4369355 4369543 189
"945" 4369572 4369722 151
"946" 4369744 4369938 195
"947" 4370013 4370067 55
"948" 4370104 4370140 37
"949" 4370155 4370200 46
"950" 4370476 4370513 38
"951" 4370703 4370744 42
"952" 4371041 4371095 55
"953" 4371179 4371258 80
"954" 4371879 4371911 33
"955" 4372094 4372329 236
"956" 4372471 4372505 35
"957" 4372508 4372548 41
"958" 4372658 4372692 35
"959" 4372703 4372740 38
"960" 4372803 4372862 60
"961" 4373473 4373544 72
"962" 4376514 4376554 41
"963" 4377758 4378535 778
"964" 4382970 4383104 135
"965" 4386457 4386498 42
"966" 4388091 4388304 214
"967" 4388890 4388988 99
"968" 4392174 4392213 40
"969" 4392219 4392311 93
"970" 4397057 4397341 285
"971" 4399425 4399509 85
"972" 4407428 4411644 4217
"973" 4411658 4412974 1317
"974" 4420293 4420389 97
"975" 4422769 4422801 33
"976" 4443675 4443730 56
"977" 4462840 4462890 51
"978" 4462892 4462938 47
"979" 4471843 4471899 57
"980" 4497608 4497693 86
"981" 4497703 4497761 59
"982" 4506576 4506777 202
"983" 4508597 4508641 45
"984" 4509975 4510044 70
"985" 4510078 4510118 41
"986" 4510278 4510361 84
"987" 4510381 4510421 41
"988" 4510600 4510670 71
"989" 4524807 4524899 93
"990" 4524922 4525009 88
"991" 4563892 4563926 35
"992" 4564212 4564256 45
"993" 4564258 4564305 48
"994" 4566247 4566282 36
"995" 4566289 4566335 47
"996" 4569622 4569875 254
"997" 4570154 4570200 47
"998" 4577319 4577385 67
"999" 4578200 4578246 47
"1000" 4586076 4586110 35
"1001" 4590766 4590800 35
"1002" 4592381 4592422 42
"1003" 4592438 4592484 47
"1004" 4593433 4593476 44
"1005" 4593634 4593666 33
"1006" 4597202 4597296 95
"1007" 4610634 4610682 49
"1008" 4610688 4610731 44
"1009" 4615871 4616647 777
"1010" 4619694 4621062 1369
"1011" 4630759 4630887 129
